Senha = 12573412
Level = 0
Matou = 0
Morreu = 0
Skin = 0
Dinheiro = 0
Admin = 0
DonoCasa = 0
cnpjP1 = N/A
cnpjP2 = N/A
cnpjP3 = N/A
cnpjP4 = N/A
coinsPlayer = 0
DonoCasaID = 0
pX = 50.00000000
pY = 50.00000000
pZ = 50.00000000
pA = 0.00000000
pInt = 0
pVirtualWorld = 0
pIntID = 0
pDonov1 = 0
pIDv1 = 0
v1X = 0.00000000
v1Y = 0.00000000
v1Z = 0.00000000
v1A = 0.00000000
v1Roda = 0
v1Cor1 = 0
v1Cor2 = 0
hipotecacnpjP1 = 0
ramoCNPJ1 = 0
hipotecacnpjP2 = 0
ramoCNPJ2 = 0
hipotecacnpjP3 = 0
ramoCNPJ3 = 0
hipotecacnpjP4 = 0
ramoCNPJ4 = 0
donoEmpresa = 0
donoPostoGasolina = 0
donoTransportadora = 0
donoConcessionaria = 0
