IDCasa = 1
CasaComprada = 0
ValorCasa = 1000000
IntCLevel = 10
cX = 1975.54614257
cY = 1391.41394042
cZ = 9.10937500
dcX = 225.63099670
dcY = 1022.47998046
dcZ = 1084.06994628
DonoCasa = SamuelMatheus
InteriorCasa = 7
CasaTrancada = 0
cMapIcon = 1
cPickup = 1
IntCpLevel = 0
