IDCasa = 2
DonoCasa = Ninguem
CasaComprada = 0
ValorCasa = 1000000
IntCLevel = 10
CasaTrancada = 0
cX = 1968.81286621
cY = 1395.73522949
cZ = 9.10937500
InteriorCasa = 5
dcX = 1299.14001464
dcY = -794.77001953
dcZ = 1084.00000000
cMapIcon = 2
cPickup = 2
IntCpLevel = 0
