IDCasa = 3
DonoCasa = SamuelMatheus
CasaComprada = 0
ValorCasa = 200000
IntCLevel = 4
CasaTrancada = 0
cX = 2367.37133789
cY = -48.29920196
cZ = 28.15354728
InteriorCasa = 15
dcX = 328.49398803
dcY = 1480.58996582
dcZ = 1084.44995117
cMapIcon = 3
cPickup = 3
TextCasa = 0
IntCpLevel = 0
