IDCasa = 4
DonoCasa = SamuelMatheus
CasaComprada = 1
ValorCasa = 10000000
IntCLevel = 10
CasaTrancada = 1
cPickup = 4
cMapIcon = 4
TextCasa = 0
cX = 300.23583984
cY = -1154.44262695
cZ = 81.39115142
InteriorCasa = 5
dcX = 1299.14001464
dcY = -794.77001953
dcZ = 1084.00000000
IntCpLevel = 0
