IDCasa = 5
DonoCasa = Ninguem
CasaComprada = 0
ValorCasa = 100000000
IntCLevel = 10
CasaTrancada = 0
cPickup = 5
cMapIcon = 5
TextCasa = 0
cX = 1298.43310546
cY = -799.57409667
cZ = 84.14062500
InteriorCasa = 5
dcX = 1299.14001464
dcY = -794.77001953
dcZ = 1084.00000000
IntCpLevel = 0
